3.32192526520395 1
4.21616105911962 2
6.57572751979198 2
5.64289930571732 2
5.08976064659961 2
5.27655074729146 2
5.67928881605527 2
5.08983288657908 2
2.00690991684707 2
5.28488295353066 2
4.63276535725903 2
5.18523056486561 2
3.58182372736551 1
4.39973682729268 1
2.27270794052554 1
6.30254263204414 2
3.33584811975207 1
4.03850609869762 1
3.92072856829065 1
3.72087816286686 1
3.95688106143214 2
4.90981361338929 2
3.62351816199954 1
4.04647664222766 2
4.45717118542614 2
5.58099649768168 2
5.76817873783459 2
3.46376758854017 1
2.11422370259032 1
1.90021910135214 1
4.51270700980493 1
3.25792143753203 1
3.08844022915959 1
2.87910346246091 1
1.80567110483947 1
3.61199689804039 1
2.78286015425348 1
2.81724329366808 1
5.93334632857116 2
5.82177311050825 2
6.39211637593427 2
4.52382607694533 2
5.6503485607263 2
4.39111045639 1
1.8892111205521 1
4.13920741312216 2
3.86826131914623 2
3.5407860004976 2
3.07998255324116 1
3.65320433964919 1
4.20096537559849 1
4.04475108716773 1
1.99679135316015 1
4.84848190167275 1
2.33322659124218 1
3.10551381245607 1
2.57774411813114 1
2.87764982804503 1
3.1881930345015 1
3.11916095799701 1
2.9749074491326 1
5.10807272794203 2
4.51456476415333 2
4.4957828693121 2
3.33890092008519 2
4.61766627312618 2
4.4873497421222 2
7.7018910003448 2
3.63788376881028 2
5.13725621855861 2
3.50637493268371 2
3.5295642585632 2
5.12470238619701 2
4.00336086511596 2
4.99817738569529 2
4.57174111857418 2
4.3863283935505 2
2.97532215458089 2
3.77525204964001 2
5.17951644111794 2
5.56762059442354 2
4.50712264644653 2
5.00006288406535 2
6.12288964337997 2
6.43985574297619 2
3.90288623159418 2
4.88268043974982 2
6.2014984009197 2
4.5302704194337 2
4.947530515061 2
4.91389270176291 2
4.11232098209357 2
4.55531599511526 2
2.97055512091176 1
4.58613115094208 2
6.1133860233682 2
4.51900715834602 2
4.56683096739927 2
5.6968625765521 2
3.94363158682909 2
